  0.0000    0  35.0000   0.0000 0.000000    0.210950
  0.0000    1   1.1000   0.0000 0.000000    6.178710
  0.1250    0  34.9997   0.0264 -0.004028    0.210948
  0.1250    1   0.8560   0.7181 -3.705501    4.831489
  0.2500    0  34.9990   0.0527 -0.008057    0.210944
  0.2500    1   0.2454   1.1343 -5.638666    1.632715
  0.3750    0  34.9977   0.0791 -0.012086    0.210936
  0.3750    1  -0.4645   1.1180 -5.329847   -1.804291
  0.5000    0  34.9960   0.1055 -0.016115    0.210926
  0.5000    1  -1.0207   0.7207 -3.327546   -4.309292
  0.6250    0  34.9937   0.1318 -0.020144    0.210912
  0.6250    1  -1.2620   0.0983 -0.441665   -5.351334
  0.7500    0  34.9909   0.1582 -0.024174    0.210895
  0.7500    1  -1.1267  -0.5536 2.557681   -4.775726
  0.8750    0  34.9877   0.1846 -0.028205    0.210876
  0.8750    1  -0.6478  -1.0347 4.907078   -2.653891
  1.0000    0  34.9839   0.2109 -0.032236    0.210853
  1.0000    1   0.0424  -1.1711 5.781283    0.620988
  1.1250    0  34.9796   0.2373 -0.036269    0.210827
  1.1250    1   0.7114  -0.8719 4.482898    4.059474
  1.2500    0  34.9748   0.2636 -0.040302    0.210798
  1.2500    1   1.0802  -0.2125 1.127619    6.070153
  1.3750    0  34.9695   0.2900 -0.044336    0.210766
  1.3750    1   0.9706   0.5399 -2.787124    5.452209
  1.5000    0  34.9637   0.3163 -0.048372    0.210731
  1.5000    1   0.4398   1.0621 -5.314137    2.620042
  1.6250    0  34.9574   0.3427 -0.052409    0.210693
  1.6250    1  -0.2688   1.1694 -5.609433   -0.882098
  1.7500    0  34.9506   0.3690 -0.056447    0.210652
  1.7500    1  -0.8883   0.8687 -4.019309   -3.720525
  1.8750    0  34.9433   0.3953 -0.060487    0.210608
  1.8750    1  -1.2301   0.2925 -1.314861   -5.212457
  2.0000    0  34.9355   0.4216 -0.064528    0.210561
  2.0000    1  -1.2038  -0.3719 1.729680   -5.111525
  2.1250    0  34.9272   0.4480 -0.068572    0.210510
  2.1250    1  -0.8138  -0.9225 4.358012   -3.411383
  2.2500    0  34.9184   0.4743 -0.072617    0.210457
  2.2500    1  -0.1627  -1.1720 5.746073   -0.382692
  2.3750    0  34.9090   0.5006 -0.076664    0.210400
  2.3750    1   0.5422  -0.9965 5.096110    3.169384
  2.5000    0  34.8992   0.5269 -0.080713    0.210341
  2.5000    1   1.0216  -0.4174 2.210759    5.749652
  2.6250    0  34.8889   0.5532 -0.084765    0.210278
  2.6250    1   1.0509   0.3432 -1.758691    5.893257
  2.7500    0  34.8780   0.5794 -0.088818    0.210212
  2.7500    1   0.6194   0.9561 -4.809870    3.548552
  2.8750    0  34.8667   0.6057 -0.092874    0.210143
  2.8750    1  -0.0661   1.1869 -5.731482    0.089664
  3.0000    0  34.8548   0.6320 -0.096933    0.210071
  3.0000    1  -0.7329   0.9933 -4.613679   -3.020629
  3.1250    0  34.8424   0.6582 -0.100995    0.209996
  3.1250    1  -1.1672   0.4791 -2.157740   -4.937182
  3.2500    0  34.8295   0.6845 -0.105059    0.209918
  3.2500    1  -1.2503  -0.1804 0.863887   -5.311151
  3.3750    0  34.8162   0.7107 -0.109126    0.209836
  3.3750    1  -0.9583  -0.7849 3.701351   -4.060752
  3.5000    0  34.8023   0.7369 -0.113196    0.209752
  3.5000    1  -0.3638  -1.1378 5.542369   -1.348788
  3.6250    0  34.7879   0.7631 -0.117269    0.209664
  3.6250    1   0.3544  -1.0882 5.530099    2.197091
  3.7500    0  34.7729   0.7893 -0.121345    0.209573
  3.7500    1   0.9264  -0.6077 3.207663    5.232277
  3.8750    0  34.7575   0.8155 -0.125425    0.209479
  3.8750    1   1.0937   0.1345 -0.657689    6.133220
  4.0000    0  34.7416   0.8417 -0.129508    0.209381
  4.0000    1   0.7780   0.8190 -4.135154    4.383162
  4.1250    0  34.7251   0.8679 -0.133595    0.209281
  4.1250    1   0.1377   1.1693 -5.684993    1.084601
  4.2500    0  34.7082   0.8940 -0.137685    0.209177
  4.2500    1  -0.5584   1.0908 -5.092416   -2.223829
  4.3750    0  34.6907   0.9202 -0.141779    0.209070
  4.3750    1  -1.0747   0.6533 -2.950382   -4.530500
  4.5000    0  34.6727   0.9463 -0.145878    0.208960
  4.5000    1  -1.2652   0.0159 -0.019218   -5.371723
  4.6250    0  34.6543   0.9724 -0.149980    0.208846
  4.6250    1  -1.0777  -0.6259 2.957022   -4.589386
  4.7500    0  34.6352   0.9985 -0.154086    0.208729
  4.7500    1  -0.5550  -1.0701 5.183703   -2.251262
  4.8750    0  34.6157   1.0246 -0.158197    0.208609
  4.8750    1   0.1543  -1.1448 5.777828    1.179080
  5.0000    0  34.5957   1.0507 -0.162312    0.208486
  5.0000    1   0.7983  -0.7769 4.081699    4.541770
  5.1250    0  34.5752   1.0767 -0.166432    0.208359
  5.1250    1   1.0974  -0.0788 0.473663    6.159422
  5.2500    0  34.5541   1.1028 -0.170556    0.208229
  5.2500    1   0.9099   0.6548 -3.306953    5.089794
  5.3750    0  34.5325   1.1288 -0.174685    0.208096
  5.3750    1   0.3365   1.1164 -5.463230    2.073301
  5.5000    0  34.5104   1.1548 -0.178819    0.207959
  5.5000    1  -0.3691   1.1582 -5.438789   -1.347471
  5.6250    0  34.4878   1.1808 -0.182958    0.207819
  5.6250    1  -0.9549   0.8105 -3.673327   -3.999960
  5.7500    0  34.4647   1.2067 -0.187102    0.207675
  5.7500    1  -1.2481   0.2118 -0.899223   -5.292911
  5.8750    0  34.4410   1.2327 -0.191252    0.207529
  5.8750    1  -1.1690  -0.4500 2.145684   -4.987913
  6.0000    0  34.4169   1.2586 -0.195407    0.207378
  6.0000    1  -0.7311  -0.9716 4.686808   -3.067886
  6.1250    0  34.3922   1.2845 -0.199567    0.207224
  6.1250    1  -0.0516  -1.1652 5.839607    0.150708
  6.2500    0  34.3670   1.3104 -0.203734    0.207067
  6.2500    1   0.6420  -0.9193 4.803214    3.708697
  6.3750    0  34.3412   1.3363 -0.207905    0.206906
  6.3750    1   1.0616  -0.2891 1.590811    5.969105
  6.5000    0  34.3150   1.3622 -0.212083    0.206742
  6.5000    1   1.0103   0.4687 -2.350006    5.637327
  6.6250    0  34.2882   1.3880 -0.216267    0.206575
  6.6250    1   0.5240   1.0291 -5.064663    3.023941
  6.7500    0  34.2609   1.4138 -0.220458    0.206403
  6.7500    1  -0.1703   1.1930 -5.638132   -0.412069
  6.8750    0  34.2331   1.4396 -0.224654    0.206228
  6.8750    1  -0.8105   0.9463 -4.307813   -3.355743
  7.0000    0  34.2048   1.4654 -0.228857    0.206050
  7.0000    1  -1.1995   0.4025 -1.755958   -5.076871
  7.1250    0  34.1759   1.4911 -0.233067    0.205868
  7.1250    1  -1.2303  -0.2621 1.288348   -5.250018
  7.2500    0  34.1465   1.5168 -0.237283    0.205682
  7.2500    1  -0.8875  -0.8455 4.070724   -3.780329
  7.3750    0  34.1166   1.5425 -0.241506    0.205493
  7.3750    1  -0.2566  -1.1494 5.722126   -0.855138
  7.5000    0  34.0861   1.5682 -0.245737    0.205300
  7.5000    1   0.4632  -1.0306 5.350677    2.768240
  7.6250    0  34.0551   1.5938 -0.249974    0.205104
  7.6250    1   0.9875  -0.4892 2.649571    5.569826
  7.7500    0  34.0236   1.6195 -0.254219    0.204903
  7.7500    1   1.0752   0.2667 -1.296339    5.999692
  7.8750    0  33.9916   1.6451 -0.258471    0.204699
  7.8750    1   0.6942   0.9095 -4.493871    3.903216
  8.0000    0  33.9590   1.6706 -0.262731    0.204491
  8.0000    1   0.0326   1.1937 -5.678500    0.558751
  8.1250    0  33.9259   1.6962 -0.266998    0.204280
  8.1250    1  -0.6453   1.0570 -4.836064   -2.610741
  8.2500    0  33.8923   1.7217 -0.271274    0.204064
  8.2500    1  -1.1207   0.5828 -2.569666   -4.728201
  8.3750    0  33.8581   1.7472 -0.275557    0.203845
  8.3750    1  -1.2601  -0.0671 0.406061   -5.372265
  8.5000    0  33.8234   1.7727 -0.279849    0.203622
  8.5000    1  -1.0200  -0.6958 3.356030   -4.374085
  8.6250    0  33.7881   1.7981 -0.284149    0.203395
  8.6250    1  -0.4547  -1.0987 5.437333   -1.808987
  8.7500    0  33.7523   1.8235 -0.288457    0.203164
  8.7500    1   0.2683  -1.1075 5.711093    1.757914
  8.8750    0  33.7160   1.8489 -0.292774    0.202929
  8.8750    1   0.8781  -0.6719 3.608850    4.978988
  9.0000    0  33.6791   1.8743 -0.297100    0.202690
  9.0000    1   1.1021   0.0556 -0.184109    6.157888
  9.1250    0  33.6417   1.8996 -0.301435    0.202447
  9.1250    1   0.8412   0.7607 -3.762294    4.677604
  9.2500    0  33.6038   1.9249 -0.305779    0.202199
  9.2500    1   0.2337   1.1595 -5.551422    1.538436
  9.3750    0  33.5653   1.9501 -0.310133    0.201948
  9.3750    1  -0.4635   1.1392 -5.241638   -1.780625
  9.5000    0  33.5262   1.9754 -0.314495    0.201693
  9.5000    1  -1.0136   0.7482 -3.321173   -4.253928
  9.6250    0  33.4867   2.0005 -0.318868    0.201434
  9.6250    1  -1.2578   0.1298 -0.480329   -5.353929
  9.7500    0  33.4465   2.0257 -0.323250    0.201170
  9.7500    1  -1.1255  -0.5268 2.564208   -4.838306
  9.8750    0  33.4058   2.0508 -0.327642    0.200902
  9.8750    1  -0.6402  -1.0152 5.001278   -2.685351
 10.0000    0  33.3646   2.0759 -0.332044    0.200630
 10.0000    1   0.0638  -1.1482 5.879764    0.715433
 10.1250    0  33.3228   2.1010 -0.336457    0.200354
 10.1250    1   0.7372  -0.8310 4.433060    4.222560
 10.2500    0  33.2805   2.1260 -0.340880    0.200073
 10.2500    1   1.0896  -0.1573 0.944217    6.101683
 10.3750    0  33.2376   2.1510 -0.345313    0.199788
 10.3750    1   0.9596   0.5872 -2.888695    5.314965
 10.5000    0  33.1942   2.1760 -0.349758    0.199498
 10.5000    1   0.4270   1.0909 -5.252722    2.497888
 10.6250    0  33.1502   2.2009 -0.354213    0.199205
 10.6250    1  -0.2697   1.1903 -5.509860   -0.883897
 10.7500    0  33.1056   2.2258 -0.358680    0.198906
 10.7500    1  -0.8807   0.8943 -3.992077   -3.663520
 10.8750    0  33.0605   2.2506 -0.363158    0.198603
 10.8750    1  -1.2237   0.3236 -1.350379   -5.196850
 11.0000    0  33.0148   2.2754 -0.367647    0.198296
 11.0000    1  -1.2016  -0.3435 1.717138   -5.165580
 11.1250    0  32.9686   2.3002 -0.372148    0.197984
 11.1250    1  -0.8079  -0.9021 4.433028   -3.462990
 11.2500    0  32.9218   2.3249 -0.376661    0.197667
 11.2500    1  -0.1436  -1.1520 5.859544   -0.323081
 11.3750    0  32.8744   2.3496 -0.381187    0.197345
 11.3750    1   0.5701  -0.9612 5.093977    3.333165
 11.5000    0  32.8265   2.3743 -0.385724    0.197019
 11.5000    1   1.0379  -0.3643 2.044225    5.830741
 11.6250    0  32.7780   2.3989 -0.390274    0.196688
 11.6250    1   1.0452   0.3942 -1.899194    5.786402
 11.7500    0  32.7289   2.4234 -0.394837    0.196352
 11.7500    1   0.6064   0.9890 -4.783361    3.406088
 11.8750    0  32.6793   2.4479 -0.399413    0.196011
 11.8750    1  -0.0691   1.2083 -5.628331    0.058128
 12.0000    0  32.6291   2.4724 -0.404002    0.195666
 12.0000    1  -0.7255   1.0170 -4.564976   -2.968905
 12.1250    0  32.5783   2.4969 -0.408604    0.195315
 12.1250    1  -1.1588   0.5092 -2.184217   -4.905323
 12.2500    0  32.5269   2.5213 -0.413219    0.194959
 12.2500    1  -1.2464  -0.1508 0.836699   -5.351685
 12.3750    0  32.4750   2.5456 -0.417849    0.194598
 12.3750    1  -0.9534  -0.7629 3.753696   -4.124937
 12.5000    0  32.4225   2.5699 -0.422492    0.194232
 12.5000    1  -0.3472  -1.1196 5.659762   -1.324492
 12.6250    0  32.3694   2.5942 -0.427150    0.193861
 12.6250    1   0.3829  -1.0585 5.571875    2.347796
 12.7500    0  32.3157   2.6184 -0.431822    0.193484
 12.7500    1   0.9489  -0.5582 3.072243    5.354968
 12.8750    0  32.2614   2.6425 -0.436508    0.193103
 12.8750    1   1.0944   0.1881 -0.826749    6.068248
 13.0000    0  32.2065   2.6666 -0.441210    0.192715
 13.0000    1   0.7661   0.8566 -4.150231    4.231009
 13.1250    0  32.1511   2.6907 -0.445926    0.192323
 13.1250    1   0.1326   1.1921 -5.587534    1.021416
 13.2500    0  32.0951   2.7147 -0.450658    0.191925
 13.2500    1  -0.5517   1.1130 -5.023734   -2.184512
 13.3750    0  32.0384   2.7387 -0.455406    0.191521
 13.3750    1  -1.0646   0.6820 -2.962703   -4.486014
 13.5000    0  31.9812   2.7626 -0.460169    0.191112
 13.5000    1  -1.2592   0.0462 -0.055542   -5.395354
 13.6250    0  31.9234   2.7865 -0.464948    0.190697
 13.6250    1  -1.0730  -0.6022 2.985623   -4.658359
 13.7500    0  31.8650   2.8103 -0.469744    0.190276
 13.7500    1  -0.5411  -1.0527 5.294983   -2.259583
 13.8750    0  31.8060   2.8340 -0.474556    0.189849
 13.8750    1   0.1820  -1.1201 5.855902    1.305443
 14.0000    0  31.7463   2.8577 -0.479385    0.189417
 14.0000    1   0.8258  -0.7322 3.988044    4.694019
 14.1250    0  31.6861   2.8814 -0.484231    0.188978
 14.1250    1   1.1051  -0.0242 0.290010    6.143989
 14.2500    0  31.6253   2.9050 -0.489095    0.188534
 14.2500    1   0.9006   0.6971 -3.366804    4.940838
 14.3750    0  31.5638   2.9285 -0.493976    0.188083
 14.3750    1   0.3297   1.1417 -5.381508    1.979451
 14.5000    0  31.5018   2.9520 -0.498875    0.187627
 14.5000    1  -0.3638   1.1793 -5.353809   -1.327290
 14.6250    0  31.4391   2.9754 -0.503792    0.187163
 14.6250    1  -0.9436   0.8374 -3.667588   -3.947908
 14.7500    0  31.3758   2.9988 -0.508727    0.186694
 14.7500    1  -1.2399   0.2423 -0.938568   -5.298052
 14.8750    0  31.3119   3.0221 -0.513681    0.186218
 14.8750    1  -1.1640  -0.4246 2.151713   -5.054318
 15.0000    0  31.2474   3.0454 -0.518655    0.185736
 15.0000    1  -0.7195  -0.9540 4.783747   -3.103610
 15.1250    0  31.1823   3.0685 -0.523647    0.185247
 15.1250    1  -0.0256  -1.1445 5.943773    0.244879
 15.2500    0  31.1165   3.0917 -0.528659    0.184751
 15.2500    1   0.6730  -0.8803 4.757265    3.875973
 15.3750    0  31.0501   3.1147 -0.533691    0.184249
 15.3750    1   1.0765  -0.2353 1.408573    6.005872
 15.5000    0  30.9831   3.1377 -0.538744    0.183740
 15.5000    1   1.0049   0.5153 -2.453503    5.505503
 15.6250    0  30.9154   3.1607 -0.543817    0.183223
 15.6250    1   0.5163   1.0577 -5.008586    2.903636
 15.7500    0  30.8471   3.1835 -0.548910    0.182700
 15.7500    1  -0.1668   1.2137 -5.542649   -0.416702
 15.8750    0  30.7782   3.2063 -0.554025    0.182170
 15.8750    1  -0.7988   0.9713 -4.281695   -3.302274
 16.0000    0  30.7086   3.2291 -0.559162    0.181632
 16.0000    1  -1.1891   0.4325 -1.792102   -5.063793
 16.1250    0  30.6384   3.2517 -0.564320    0.181087
 16.1250    1  -1.2241  -0.2351 1.274903   -5.307477
 16.2500    0  30.5675   3.2743 -0.569501    0.180535
 16.2500    1  -0.8776  -0.8269 4.147391   -3.836504
 16.3750    0  30.4960   3.2969 -0.574704    0.179975
 16.3750    1  -0.2331  -1.1318 5.840932   -0.797200
 16.5000    0  30.4239   3.3193 -0.579930    0.179407
 16.5000    1   0.4962  -0.9975 5.353262    2.935370
 16.6250    0  30.3510   3.3417 -0.585179    0.178832
 16.6250    1   1.0094  -0.4377 2.484887    5.655969
 16.7500    0  30.2776   3.3640 -0.590452    0.178249
 16.7500    1   1.0751   0.3167 -1.437672    5.898440
 16.8750    0  30.2034   3.3863 -0.595749    0.177658
 16.8750    1   0.6864   0.9420 -4.472136    3.763932
 17.0000    0  30.1286   3.4085 -0.601070    0.177058
 17.0000    1   0.0341   1.2148 -5.580162    0.525325
 17.1250    0  30.0532   3.4306 -0.606416    0.176451
 17.1250    1  -0.6337   1.0801 -4.789121   -2.562652
 17.2500    0  29.9770   3.4526 -0.611787    0.175835
 17.2500    1  -1.1083   0.6118 -2.596766   -4.698978
 17.3750    0  29.9002   3.4745 -0.617184    0.175211
 17.3750    1  -1.2522  -0.0390 0.377761   -5.415794
 17.5000    0  29.8227   3.4964 -0.622607    0.174578
 17.5000    1  -1.0113  -0.6758 3.409008   -4.442836
 17.6250    0  29.7446   3.5182 -0.628056    0.173936
 17.6250    1  -0.4341  -1.0830 5.559362   -1.787592
 17.7500    0  29.6657   3.5399 -0.633532    0.173285
 17.7500    1   0.3016  -1.0802 5.758233    1.910850
 17.8750    0  29.5862   3.5615 -0.639036    0.172626
 17.8750    1   0.9059  -0.6244 3.476000    5.106491
 18.0000    0  29.5059   3.5830 -0.644567    0.171957
 18.0000    1   1.1082   0.1078 -0.353019    6.098468
 18.1250    0  29.4250   3.6045 -0.650126    0.171279
 18.1250    1   0.8346   0.7976 -3.781259    4.529745
 18.2500    0  29.3434   3.6258 -0.655714    0.170592
 18.2500    1   0.2333   1.1819 -5.459253    1.474553
 18.3750    0  29.2611   3.6471 -0.661331    0.169895
 18.3750    1  -0.4526   1.1606 -5.175488   -1.744844
 18.5000    0  29.1781   3.6683 -0.666978    0.169188
 18.5000    1  -0.9995   0.7757 -3.334222   -4.212275
 18.6250    0  29.0943   3.6894 -0.672654    0.168471
 18.6250    1  -1.2480   0.1586 -0.517820   -5.380223
 18.7500    0  29.0099   3.7104 -0.678362    0.167744
 18.7500    1  -1.1172  -0.5051 2.592582   -4.911602
 18.8750    0  28.9248   3.7313 -0.684100    0.167007
 18.8750    1  -0.6223  -1.0003 5.116231   -2.697530
 19.0000    0  28.8389   3.7522 -0.689870    0.166259
 19.0000    1   0.0961  -1.1261 5.963556    0.842700
 19.1250    0  28.7523   3.7729 -0.695672    0.165501
 19.1250    1   0.7699  -0.7887 4.342753    4.379248
 19.2500    0  28.6650   3.7936 -0.701507    0.164732
 19.2500    1   1.1027  -0.1044 0.761546    6.091610
 19.3750    0  28.5769   3.8141 -0.707375    0.163953
 19.3750    1   0.9557   0.6284 -2.951326    5.171110
 19.5000    0  28.4881   3.8345 -0.713277    0.163161
 19.5000    1   0.4251   1.1155 -5.176439    2.404694
 19.6250    0  28.3986   3.8549 -0.719213    0.162359
 19.6250    1  -0.2602   1.2105 -5.428242   -0.866894
 19.7500    0  28.3083   3.8751 -0.725184    0.161545
 19.7500    1  -0.8655   0.9199 -3.987325   -3.614528
 19.8750    0  28.2173   3.8953 -0.731191    0.160719
 19.8750    1  -1.2117   0.3525 -1.390851   -5.204443
 20.0000    0  28.1255   3.9153 -0.737234    0.159882
 20.0000    1  -1.1928  -0.3201 1.722283   -5.235903
 20.1250    0  28.0330   3.9352 -0.743313    0.159032
 20.1250    1  -0.7925  -0.8870 4.532524   -3.503195
 20.2500    0  27.9397   3.9551 -0.749431    0.158169
 20.2500    1  -0.1133  -1.1342 5.969417   -0.229433
 20.3750    0  27.8456   3.9748 -0.755586    0.157294
 20.3750    1   0.6061  -0.9249 5.052179    3.504303
 20.5000    0  27.7508   3.9944 -0.761780    0.156407
 20.5000    1   1.0582  -0.3125 1.863681    5.872612
 20.6250    0  27.6552   4.0139 -0.768014    0.155506
 20.6250    1   1.0452   0.4394 -2.004273    5.660139
 20.7500    0  27.5588   4.0333 -0.774288    0.154591
 20.7500    1   0.6036   1.0168 -4.732493    3.287836
 20.8750    0  27.4616   4.0525 -0.780602    0.153663
 20.8750    1  -0.0613   1.2280 -5.537008    0.050959
 21.0000    0  27.3636   4.0717 -0.786959    0.152721
 21.0000    1  -0.7098   1.0407 -4.540272   -2.918685
 21.1250    0  27.2649   4.0907 -0.793358    0.151765
 21.1250    1  -1.1446   0.5376 -2.221419   -4.894624
 21.2500    0  27.1653   4.1096 -0.799800    0.150795
 21.2500    1  -1.2366  -0.1258 0.821937   -5.412585
 21.3750    0  27.0649   4.1284 -0.806286    0.149809
 21.3750    1  -0.9400  -0.7469 3.831771   -4.185871
 21.5000    0  26.9637   4.1471 -0.812817    0.148809
 21.5000    1  -0.3197  -1.1050 5.783877   -1.268465
 21.6250    0  26.8617   4.1656 -0.819393    0.147793
 21.6250    1   0.4206  -1.0284 5.579358    2.517951
 21.7500    0  26.7589   4.1840 -0.826016    0.146762
 21.7500    1   0.9759  -0.5092 2.909903    5.445937
 21.8750    0  26.6552   4.2023 -0.832686    0.145715
 21.8750    1   1.0996   0.2364 -0.968498    5.972692
 22.0000    0  26.5507   4.2204 -0.839405    0.144651
 22.0000    1   0.7634   0.8881 -4.133098    4.095086
 22.1250    0  26.4453   4.2385 -0.846173    0.143571
 22.1250    1   0.1385   1.2122 -5.494016    0.986381
 22.2500    0  26.3391   4.2563 -0.852991    0.142474
 22.2500    1  -0.5361   1.1347 -4.978793   -2.139746
 22.3750    0  26.2321   4.2741 -0.859860    0.141359
 22.3750    1  -1.0485   0.7093 -2.990831   -4.459226
 22.5000    0  26.1242   4.2917 -0.866781    0.140227
 22.5000    1  -1.2478   0.0723 -0.085387   -5.441855
 22.6250    0  26.0154   4.3091 -0.873755    0.139076
 22.6250    1  -1.0608  -0.5847 3.038938   -4.731832
 22.7500    0  25.9057   4.3264 -0.880784    0.137907
 22.7500    1  -0.5166  -1.0400 5.421572   -2.241319
 22.8750    0  25.7952   4.3436 -0.887867    0.136719
 22.8750    1   0.2198  -1.0960 5.908516    1.460307
 23.0000    0  25.6838   4.3606 -0.895008    0.135512
 23.0000    1   0.8587  -0.6875 3.858193    4.826028
 23.1250    0  25.5714   4.3775 -0.902205    0.134285
 23.1250    1   1.1165   0.0260 0.121721    6.090143
 23.2500    0  25.4582   4.3942 -0.909461    0.133038
 23.2500    1   0.8991   0.7326 -3.389436    4.797433
 23.3750    0  25.3441   4.4107 -0.916777    0.131770
 23.3750    1   0.3338   1.1629 -5.294580    1.915126
 23.5000    0  25.2290   4.4271 -0.924155    0.130480
 23.5000    1  -0.3490   1.1993 -5.290371   -1.294717
 23.6250    0  25.1130   4.4434 -0.931594    0.129169
 23.6250    1  -0.9259   0.8631 -3.681739   -3.908839
 23.7500    0  24.9961   4.4594 -0.939097    0.127836
 23.7500    1  -1.2265   0.2691 -0.977663   -5.326927
 23.8750    0  24.8783   4.4753 -0.946665    0.126481
 23.8750    1  -1.1522  -0.4054 2.179514   -5.132045
 24.0000    0  24.7595   4.4910 -0.954300    0.125101
 24.0000    1  -0.6981  -0.9422 4.902242   -3.119862
 24.1250    0  24.6397   4.5066 -0.962002    0.123698
 24.1250    1   0.0110  -1.1258 6.033336    0.372769
 24.2500    0  24.5189   4.5220 -0.969774    0.122271
 24.2500    1   0.7106  -0.8410 4.670648    4.036750
 24.3750    0  24.3972   4.5372 -0.977616    0.120819
 24.3750    1   1.0948  -0.1848 1.227392    6.001089
 24.5000    0  24.2745   4.5522 -0.985531    0.119341
 24.5000    1   1.0060   0.5548 -2.518641    5.366886
 24.6250    0  24.1509   4.5670 -0.993520    0.117836
 24.6250    1   0.5189   1.0810 -4.937643    2.811322
 24.7500    0  24.0262   4.5816 -1.001584    0.116305
 24.7500    1  -0.1533   1.2325 -5.464509   -0.402552
 24.8750    0  23.9005   4.5961 -1.009726    0.114746
 24.8750    1  -0.7799   0.9950 -4.278258   -3.256054
 25.0000    0  23.7737   4.6103 -1.017947    0.113158
 25.0000    1  -1.1736   0.4592 -1.834130   -5.073699
 25.1250    0  23.6460   4.6244 -1.026248    0.111542
 25.1250    1  -1.2120  -0.2142 1.278781   -5.381774
 25.2500    0  23.5172   4.6382 -1.034632    0.109895
 25.2500    1  -0.8589  -0.8150 4.249257   -3.881385
 25.3750    0  23.3873   4.6518 -1.043101    0.108217
 25.3750    1  -0.1989  -1.1175 5.956516   -0.704333
 25.5000    0  23.2564   4.6653 -1.051657    0.106508
 25.5000    1   0.5368  -0.9645 5.315865    3.110002
 25.6250    0  23.1244   4.6785 -1.060301    0.104767
 25.6250    1   1.0346  -0.3887 2.306547    5.702777
 25.7500    0  22.9913   4.6914 -1.069037    0.102992
 25.7500    1   1.0802   0.3598 -1.543998    5.777842
 25.8750    0  22.8571   4.7042 -1.077865    0.101183
 25.8750    1   0.6883   0.9682 -4.426336    3.647926
 26.0000    0  22.7218   4.7167 -1.086789    0.099338
 26.0000    1   0.0459   1.2330 -5.493048    0.515936
 26.1250    0  22.5854   4.7290 -1.095810    0.097458
 26.1250    1  -0.6144   1.1018 -4.766108   -2.515361
 26.2500    0  22.4479   4.7411 -1.104931    0.095539
 26.2500    1  -1.0906   0.6379 -2.635437   -4.690464
 26.3750    0  22.3092   4.7529 -1.114156    0.093583
 26.3750    1  -1.2391  -0.0165 0.361272   -5.480131
 26.5000    0  22.1693   4.7645 -1.123485    0.091586
 26.5000    1  -0.9946  -0.6628 3.488248   -4.508696
 26.6250    0  22.0283   4.7758 -1.132923    0.089549
 26.6250    1  -0.4029  -1.0720 5.688743   -1.733716
 26.7500    0  21.8861   4.7869 -1.142471    0.087470
 26.7500    1   0.3436  -1.0537 5.770776    2.083672
 26.8750    0  21.7427   4.7977 -1.152133    0.085347
 26.8750    1   0.9378  -0.5784 3.316483    5.202021
 27.0000    0  21.5981   4.8082 -1.161912    0.083180
 27.0000    1   1.1185   0.1537 -0.494789    6.008661
 27.1250    0  21.4522   4.8185 -1.171811    0.080966
 27.1250    1   0.8366   0.8273 -3.768544    4.397346
 27.2500    0  21.3051   4.8285 -1.181833    0.078705
 27.2500    1   0.2433   1.2004 -5.370542    1.438202
 27.3750    0  21.1567   4.8382 -1.191982    0.076395
 27.3750    1  -0.4335   1.1803 -5.132769   -1.703059
 27.5000    0  21.0071   4.8476 -1.202261    0.074033
 27.5000    1  -0.9799   0.8007 -3.363764   -4.187677
 27.6250    0  20.8562   4.8567 -1.212674    0.071619
 27.6250    1  -1.2333   0.1821 -0.549630   -5.429632
 27.7500    0  20.7039   4.8655 -1.223224    0.069151
 27.7500    1  -1.1019  -0.4907 2.645937   -4.989923
 27.8750    0  20.5504   4.8739 -1.233916    0.066627
 27.8750    1  -0.5945  -0.9913 5.247290   -2.682617
 28.0000    0  20.3954   4.8821 -1.244754    0.064045
 28.0000    1   0.1380  -1.1058 6.021733    0.999157
 28.1250    0  20.2392   4.8900 -1.255741    0.061402
 28.1250    1   0.8074  -0.7473 4.216313    4.515422
 28.2500    0  20.0815   4.8975 -1.266884    0.058698
 28.2500    1   1.1190  -0.0570 0.594327    6.043322
 28.3750    0  19.9224   4.9046 -1.278185    0.055928
 28.3750    1   0.9590   0.6619 -2.977402    5.032295
 28.5000    0  19.7619   4.9114 -1.289651    0.053092
 28.5000    1   0.4333   1.1350 -5.094685    2.340186
 28.6250    0  19.6000   4.9179 -1.301286    0.050187
 28.6250    1  -0.2417   1.2285 -5.367672   -0.837180
 28.7500    0  19.4366   4.9240 -1.313096    0.047209
 28.7500    1  -0.8443   0.9432 -4.002924   -3.577755
 28.8750    0  19.2717   4.9297 -1.325085    0.044157
 28.8750    1  -1.1951   0.3766 -1.431971   -5.235776
 29.0000    0  19.1053   4.9350 -1.337261    0.041027
 29.0000    1  -1.1780  -0.3039 1.749170   -5.318141
 29.1250    0  18.9374   4.9399 -1.349629    0.037817
 29.1250    1  -0.7680  -0.8788 4.654422   -3.523722
 29.2500    0  18.7679   4.9445 -1.362196    0.034522
 29.2500    1  -0.0730  -1.1194 6.064781   -0.101222
 29.3750    0  18.5969   4.9486 -1.374968    0.031140
 29.3750    1   0.6480  -0.8892 4.969578    3.668776
 29.5000    0  18.4242   4.9523 -1.387953    0.027668
 29.5000    1   1.0812  -0.2651 1.684473    5.873017
 29.6250    0  18.2499   4.9555 -1.401157    0.024100
 29.6250    1   1.0511   0.4766 -2.071648    5.526866
 29.7500    0  18.0739   4.9583 -1.414589    0.020434
 29.7500    1   0.6105   1.0382 -4.666776    3.196626
 29.8750    0  17.8962   4.9606 -1.428257    0.016665
 29.8750    1  -0.0442   1.2447 -5.462435    0.062605
 30.0000    0  17.7168   4.9624 -1.442170    0.012789
 30.0000    1  -0.6875   1.0620 -4.538452   -2.874913
 30.1250    0  17.5356   4.9638 -1.456336    0.008800
 30.1250    1  -1.1259   0.5616 -2.265413   -4.906661
 30.2500    0  17.3527   4.9646 -1.470765    0.004694
 30.2500    1  -1.2216  -0.1079 0.824173   -5.490877
 30.3750    0  17.1679   4.9650 -1.485467    0.000464
 30.3750    1  -0.9183  -0.7386 3.935814   -4.235607
 30.5000    0  16.9813   4.9647 -1.500453   -0.003893
 30.5000    1  -0.2820  -1.0948 5.905152   -1.176648
 30.6250    0  16.7928   4.9640 -1.515735   -0.008386
 30.6250    1   0.4653  -0.9992 5.546591    2.695671
 30.7500    0  16.6024   4.9626 -1.531323   -0.013020
 30.7500    1   1.0058  -0.4635 2.734255    5.497478
 30.8750    0  16.4100   4.9607 -1.547231   -0.017802
 30.8750    1   1.1094   0.2768 -1.075751    5.857829
 31.0000    0  16.2156   4.9582 -1.563473   -0.022740
 31.0000    1   0.7696   0.9121 -4.092211    3.981511
 31.1250    0  16.0191   4.9550 -1.580062   -0.027841
 31.1250    1   0.1540   1.2283 -5.411136    0.975104
 31.2500    0  15.8205   4.9512 -1.597013   -0.033116
 31.2500    1  -0.5135   1.1539 -4.957721   -2.095032
 31.3750    0  15.6198   4.9467 -1.614343   -0.038572
 31.3750    1  -1.0276   0.7326 -3.031361   -4.452662
 31.5000    0  15.4169   4.9416 -1.632068   -0.044219
 31.5000    1  -1.2319   0.0917 -0.103998   -5.509589
 31.6250    0  15.2118   4.9357 -1.650207   -0.050069
 31.6250    1  -1.0414  -0.5754 3.119099   -4.802761
 31.7500    0  15.0044   4.9290 -1.668780   -0.056133
 31.7500    1  -0.4823  -1.0332 5.556158   -2.189835
 31.8750    0  14.7946   4.9216 -1.687807   -0.062423
 31.8750    1   0.2657  -1.0735 5.926258    1.635401
 32.0000    0  14.5824   4.9134 -1.707311   -0.068953
 32.0000    1   0.8949  -0.6452 3.701954    4.925820
 32.1250    0  14.3677   4.9044 -1.727315   -0.075737
 32.1250    1   1.1314   0.0688 -0.019696    6.006105
 32.2500    0  14.1505   4.8945 -1.747845   -0.082791
 32.2500    1   0.9055   0.7599 -3.380951    4.668708
 32.3750    0  13.9308   4.8837 -1.768928   -0.090133
 32.3750    1   0.3475   1.1791 -5.210642    1.877761
 32.5000    0  13.7083   4.8719 -1.790595   -0.097781
 32.5000    1  -0.3266   1.2165 -5.250063   -1.255545
 32.6250    0  13.4831   4.8592 -1.812878   -0.105756
 32.6250    1  -0.9031   0.8852 -3.713052   -3.886148
 32.7500    0  13.2550   4.8455 -1.835811   -0.114080
 32.7500    1  -1.2090   0.2895 -1.011843   -5.379143
 32.8750    0  13.0241   4.8307 -1.859431   -0.122778
 32.8750    1  -1.1343  -0.3946 2.232618   -5.215316
 33.0000    0  12.7902   4.8148 -1.883780   -0.131877
 33.0000    1  -0.6674  -0.9373 5.037667   -3.108518
 33.1250    0  12.5531   4.7977 -1.908902   -0.141406
 33.1250    1   0.0564  -1.1098 6.097140    0.530458
 33.2500    0  12.3129   4.7794 -1.934845   -0.151398
 33.2500    1   0.7522  -0.8036 4.548011    4.176709
 33.3750    0  12.0694   4.7598 -1.961662   -0.161891
 33.3750    1   1.1156  -0.1408 1.061666    5.958310
 33.5000    0  11.8225   4.7389 -1.989410   -0.172924
 33.5000    1   1.0137   0.5856 -2.547937    5.232775
 33.6250    0  11.5720   4.7166 -2.018154   -0.184543
 33.6250    1   0.5309   1.0982 -4.860975    2.746899
 33.7500    0  11.3179   4.6927 -2.047963   -0.196797
 33.7500    1  -0.1316   1.2479 -5.406933   -0.375322
 33.8750    0  11.0600   4.6673 -2.078914   -0.209745
 33.8750    1  -0.7557   1.0155 -4.295623   -3.221252
 34.0000    0  10.7981   4.6403 -2.111093   -0.223449
 34.0000    1  -1.1542   0.4802 -1.877677   -5.107325
 34.1250    0  10.5321   4.6115 -2.144594   -0.237981
 34.1250    1  -1.1948  -0.2016 1.304423   -5.468569
 34.2500    0  10.2619   4.5808 -2.179524   -0.253424
 34.2500    1  -0.8317  -0.8110 4.374408   -3.906380
 34.3750    0   9.9872   4.5481 -2.216000   -0.269871
 34.3750    1  -0.1554  -1.1072 6.057684   -0.576121
 34.5000    0   9.7078   4.5132 -2.254156   -0.287428
 34.5000    1   0.5826  -0.9331 5.237582    3.277745
 34.6250    0   9.4236   4.4762 -2.294141   -0.306219
 34.6250    1   1.0619  -0.3450 2.129766    5.708234
 34.7500    0   9.1342   4.4366 -2.336127   -0.326387
 34.7500    1   1.0904   0.3940 -1.613349    5.649991
 34.8750    0   8.8395   4.3945 -2.380305   -0.348098
 34.8750    1   0.6990   0.9871 -4.365714    3.558043
 35.0000    0   8.5390   4.3495 -2.426899   -0.371546
 35.0000    1   0.0663   1.2471 -5.422103    0.525445
 35.1250    0   8.2326   4.3015 -2.476163   -0.396963
 35.1250    1  -0.5892   1.1202 -4.766176   -2.473678
 35.2500    0   7.9199   4.2502 -2.528393   -0.424622
 35.2500    1  -1.0691   0.6588 -2.681783   -4.704410
 35.3750    0   7.6004   4.1953 -2.583935   -0.454854
 35.3750    1  -1.2217  -0.0022 0.361505   -5.562407
 35.5000    0   7.2738   4.1364 -2.643192   -0.488057
 35.5000    1  -0.9706  -0.6586 3.594274   -4.563447
 35.6250    0   6.9394   4.0731 -2.706645   -0.524720
 35.6250    1  -0.3623  -1.0663 5.815668   -1.643231
 35.7500    0   6.5969   4.0050 -2.774869   -0.565450
 35.7500    1   0.3920  -1.0290 5.742844    2.264035
 35.8750    0   6.2455   3.9316 -2.848554   -0.611009
 35.8750    1   0.9717  -0.5368 3.143985    5.258063
 36.0000    0   5.8845   3.8521 -2.928546   -0.662365
 36.0000    1   1.1326   0.1908 -0.602665    5.899572
 36.1250    0   5.5131   3.7657 -3.015887   -0.720777
 36.1250    1   0.8467   0.8486 -3.732404    4.286382
 36.2500    0   5.1302   3.6715 -3.111882   -0.787906
 36.2500    1   0.2621   1.2137 -5.291896    1.425382
 36.3750    0   4.7347   3.5683 -3.218188   -0.865994
 36.3750    1  -0.4079   1.1966 -5.113853   -1.660541
 36.5000    0   4.3252   3.4545 -3.336949   -0.958155
 36.5000    1  -0.9564   0.8209 -3.406513   -4.182789
 36.6250    0   3.8999   3.3280 -3.470981   -1.068839
 36.6250    1  -1.2150   0.1981 -0.570744   -5.500691
 36.7500    0   3.4567   3.1863 -3.624072   -1.204658
 36.7500    1  -1.0803  -0.4855 2.726776   -5.066046
 36.8750    0   2.9929   3.0255 -3.801409   -1.375898
 36.8750    1  -0.5576  -0.9890 5.386999   -2.633770
 37.0000    0   2.5051   2.8403 -4.010227   -1.599524
 37.0000    1   0.1871  -1.0880 6.044787    1.176096
 37.1250    0   1.9887   2.6224 -4.260606   -1.905704
 37.1250    1   0.8474  -0.7093 4.063781    4.619146
 37.2500    0   1.4378   2.3584 -4.565596   -2.353823
 37.2500    1   1.1380  -0.0178 0.453615    5.965042
 37.3750    0   0.8448   2.0235 -4.934035   -3.078522
 37.3750    1   0.9693   0.6862 -2.972950    4.907378
 37.5000    0   0.2038   1.5646 -5.298791   -4.452229
 37.5000    1   0.4503   1.1484 -5.015461    2.302122
 37.6250    0  -0.4506   0.8408 -4.674642   -7.662623
 37.6250    1  -0.2164   1.2427 -5.329932   -0.800227
 37.7500    0  -0.6695  -0.3609 2.354724   -9.758269
 37.7500    1  -0.8190   0.9621 -4.036334   -3.556651
 37.8750    0  -0.1153  -1.3019 5.174140   -5.615273
 37.8750    1  -1.1754   0.3935 -1.468906   -5.290660
 38.0000    0   0.5275  -1.8643 5.002105   -3.682070
 38.0000    1  -1.1581  -0.2971 1.801737   -5.406438
 38.1250    0   1.1300  -2.2593 4.640261   -2.743854
 38.1250    1  -0.7350  -0.8786 4.794094   -3.516159
 38.2500    0   1.6895  -2.5649 4.323451   -2.193551
 38.2500    1  -0.0246  -1.1082 6.134244    0.057308
 38.3750    0   2.2130  -2.8148 4.061572   -1.829779
 38.3750    1   0.6932  -0.8563 4.851108    3.812113
 38.5000    0   2.7066  -3.0263 3.843658   -1.569862
 38.5000    1   1.1060  -0.2251 1.520632    5.835668
 38.6250    0   3.1752  -3.2097 3.659351   -1.373864
 38.6250    1   1.0627   0.5041 -2.103939    5.397553
 38.7500    0   3.6225  -3.3715 3.500904   -1.220136
 38.7500    1   0.6259   1.0524 -4.595087    3.132558
 38.8750    0   4.0512  -3.5159 3.362704   -1.095900
 38.8750    1  -0.0196   1.2571 -5.407948    0.087745
 39.0000    0   4.4638  -3.6463 3.240656   -0.993116
 39.0000    1  -0.6608   1.0792 -4.557867   -2.841724
 39.1250    0   4.8619  -3.7648 3.131719   -0.906460
 39.1250    1  -1.1043   0.5791 -2.311763   -4.942381
 39.2500    0   5.2471  -3.8734 3.033592   -0.832259
 39.2500    1  -1.2025  -0.0992 0.848247   -5.582252
 39.3750    0   5.6206  -3.9733 2.944505   -0.767894
 39.3750    1  -0.8892  -0.7392 4.064062   -4.265249
 39.5000    0   5.9835  -4.0656 2.863067   -0.711446
 39.5000    1  -0.2359  -1.0893 6.012098   -1.048780
 39.6250    0   6.3367  -4.1514 2.788174   -0.661472
 39.6250    1   0.5143  -0.9725 5.472902    2.866223
 39.7500    0   6.6808  -4.2312 2.718934   -0.616867
 39.7500    1   1.0368  -0.4241 2.560321    5.507823
 39.8750    0   7.0166  -4.3058 2.654619   -0.576768
 39.8750    1   1.1235   0.3074 -1.146823    5.735455
 40.0000    0   7.3446  -4.3756 2.594626   -0.540490
 40.0000    1   0.7836   0.9279 -4.036534    3.893179
 40.1250    0   7.6654  -4.4410 2.538453   -0.507487
 40.1250    1   0.1773   1.2392 -5.343852    0.982857
 40.2500    0   7.9794  -4.5025 2.485679   -0.477310
 40.2500    1  -0.4858   1.1690 -4.959910   -2.055053
 40.3750    0   8.2869  -4.5604 2.435943   -0.449593
 40.3750    1  -1.0040   0.7500 -3.080416   -4.468261
 40.5000    0   8.5885  -4.6150 2.388939   -0.424030
 40.5000    1  -1.2126   0.1022 -0.106116   -5.595810
 40.6250    0   8.8843  -4.6665 2.344403   -0.400368
 40.6250    1  -1.0157  -0.5757 3.226907   -4.862674
 40.7500    0   9.1746  -4.7152 2.302104   -0.378390
 40.7500    1  -0.4395  -1.0324 5.688660   -2.100974
 40.8750    0   9.4599  -4.7612 2.261843   -0.357913
 40.8750    1   0.3170  -1.0537 5.903340    1.817932
 41.0000    0   9.7402  -4.8047 2.223445   -0.338779
 41.0000    1   0.9323  -0.6080 3.533030    4.986104
 41.1250    0  10.0158  -4.8459 2.186756   -0.320854
 41.1250    1   1.1492   0.1021 -0.127904    5.902801
 41.2500    0  10.2869  -4.8850 2.151637   -0.304020
 41.2500    1   0.9189   0.7780 -3.349376    4.560526
 41.3750    0  10.5538  -4.9220 2.117969   -0.288176
 41.3750    1   0.3691   1.1893 -5.136200    1.863755
 41.5000    0  10.8165  -4.9571 2.085643   -0.273230
 41.5000    1  -0.2986   1.2294 -5.233482   -1.214818
 41.6250    0  11.0752  -4.9903 2.054561   -0.259105
 41.6250    1  -0.8775   0.9018 -3.758346   -3.882628
 41.7500    0  11.3302  -5.0219 2.024636   -0.245732
 41.7500    1  -1.1890   0.3016 -1.035820   -5.453421
 41.8750    0  11.5814  -5.0518 1.995789   -0.233047
 41.8750    1  -1.1112  -0.3937 2.313894   -5.296737
 42.0000    0  11.8291  -5.0801 1.967949   -0.220997
 42.0000    1  -0.6286  -0.9400 5.182393   -3.062555
 42.1250    0  12.0734  -5.1070 1.941051   -0.209533
 42.1250    1   0.1082  -1.0970 6.125587    0.708782
 42.2500    0  12.3144  -5.1325 1.915036   -0.198609
 42.2500    1   0.7954  -0.7703 4.399579    4.284013
 42.3750    0  12.5522  -5.1567 1.889851   -0.188187
 42.3750    1   1.1382  -0.1058 0.921984    5.885747
 42.5000    0  12.7869  -5.1796 1.865446   -0.178231
 42.5000    1   1.0274   0.6064 -2.547311    5.111790
 42.6250    0  13.0186  -5.2013 1.841776   -0.168709
 42.6250    1   0.5508   1.1083 -4.786381    2.708456
 42.7500    0  13.2474  -5.2218 1.818799   -0.159591
 42.7500    1  -0.1039   1.2586 -5.371880   -0.340173
 42.8750    0  13.4734  -5.2412 1.796478   -0.150850
 42.8750    1  -0.7284   1.0308 -4.331420   -3.201386
 43.0000    0  13.6966  -5.2595 1.774778   -0.142463
 43.0000    1  -1.1328   0.4934 -1.917727   -5.164709
 43.1250    0  13.9171  -5.2768 1.753665   -0.134407
 43.1250    1  -1.1735  -0.1990 1.356173   -5.561948
 43.2500    0  14.1350  -5.2931 1.733110   -0.126661
 43.2500    1  -0.7972  -0.8157 4.518190   -3.902804
 43.3750    0  14.3504  -5.3085 1.713085   -0.119208
 43.3750    1  -0.1048  -1.1011 6.132809   -0.417168
 43.5000    0  14.5633  -5.3230 1.693563   -0.112029
 43.5000    1   0.6307  -0.9051 5.123610    3.424025
 43.6250    0  14.7738  -5.3365 1.674521   -0.105110
 43.6250    1   1.0901  -0.3094 1.968172    5.676208
 43.7500    0  14.9819  -5.3492 1.655936   -0.098436
 43.7500    1   1.1054   0.4178 -1.648406    5.525554
 43.8750    0  15.1878  -5.3611 1.637786   -0.091992
 43.8750    1   0.7172   0.9980 -4.298870    3.494605
 44.0000    0  15.3914  -5.3723 1.620053   -0.085768
 44.0000    1   0.0932   1.2560 -5.370763    0.548905
 44.1250    0  15.5928  -5.3826 1.602717   -0.079750
 44.1250    1  -0.5605   1.1337 -4.787884   -2.441718
 44.2500    0  15.7921  -5.3922 1.585762   -0.073929
 44.2500    1  -1.0459   0.6725 -2.731284   -4.741995
 44.3750    0  15.9893  -5.4011 1.569171   -0.068294
 44.3750    1  -1.2013   0.0023 0.383700   -5.658361
 44.5000    0  16.1844  -5.4093 1.552929   -0.062837
 44.5000    1  -0.9401  -0.6641 3.725448   -4.597906
 44.6250    0  16.3775  -5.4168 1.537021   -0.057547
 44.6250    1  -0.3143  -1.0661 5.928332   -1.516066
 44.7500    0  16.5687  -5.4237 1.521434   -0.052419
 44.7500    1   0.4436  -1.0073 5.673993    2.436910
 44.8750    0  16.7579  -5.4299 1.506156   -0.047443
 44.8750    1   1.0059  -0.5020 2.973282    5.273109
 45.0000    0  16.9452  -5.4355 1.491174   -0.042613
 45.0000    1   1.1499   0.2174 -0.675206    5.782708
 45.1250    0  17.1307  -5.4406 1.476476   -0.037921
 45.1250    1   0.8636   0.8610 -3.681502    4.199822
 45.2500    0  17.3143  -5.4450 1.462053   -0.033363
 45.2500    1   0.2876   1.2212 -5.228269    1.431773
 45.3750    0  17.4962  -5.4489 1.447894   -0.028932
 45.3750    1  -0.3783   1.2080 -5.118357   -1.621855
 45.5000    0  17.6763  -5.4523 1.433989   -0.024622
 45.5000    1  -0.9312   0.8344 -3.458603   -4.199754
 45.6250    0  17.8547  -5.4551 1.420329   -0.020429
 45.6250    1  -1.1946   0.2044 -0.575544   -5.590792
 45.7500    0  18.0314  -5.4574 1.406906   -0.016347
 45.7500    1  -1.0534  -0.4905 2.836163   -5.131251
 45.8750    0  18.2065  -5.4592 1.393711   -0.012372
 45.8750    1  -0.5132  -0.9936 5.524977   -2.546838
 46.0000    0  18.3799  -5.4605 1.380736   -0.008499
 46.0000    1   0.2407  -1.0734 6.027025    1.360291
 46.1250    0  18.5516  -5.4613 1.367974   -0.004725
 46.1250    1   0.8877  -0.6770 3.898814    4.683393
 46.2500    0  18.7219  -5.4617 1.355418   -0.001045
 46.2500    1   1.1590   0.0112 0.345348    5.867510
 46.3750    0  18.8905  -5.4616 1.343061    0.002543
 46.3750    1   0.9856   0.7006 -2.945742    4.802147
 46.5000    0  19.0576  -5.4610 1.330896    0.006045
 46.5000    1   0.4742   1.1551 -4.945162    2.287296
 46.6250    0  19.2232  -5.4601 1.318918    0.009462
 46.6250    1  -0.1866   1.2519 -5.315823   -0.760864
 46.7500    0  19.3874  -5.4587 1.307120    0.012798
 46.7500    1  -0.7919   0.9749 -4.084467   -3.554164
 46.8750    0  19.5500  -5.4569 1.295498    0.016057
 46.8750    1  -1.1542   0.4015 -1.496085   -5.368028
 47.0000    0  19.7112  -5.4546 1.284044    0.019240
 47.0000    1  -1.1341  -0.3008 1.883212   -5.493243
 47.1250    0  19.8710  -5.4520 1.272755    0.022350
 47.1250    1  -0.6950  -0.8865 4.943704   -3.473330
 47.2500    0  20.0294  -5.4491 1.261626    0.025391
 47.2500    1   0.0291  -1.1008 6.168133    0.236532
 47.3750    0  20.1865  -5.4457 1.250651    0.028364
 47.3750    1   0.7390  -0.8281 4.707131    3.922624
 47.5000    0  20.3421  -5.4420 1.239827    0.031272
 47.5000    1   1.1316  -0.1945 1.382283    5.768757
 47.6250    0  20.4964  -5.4379 1.229148    0.034117
 47.6250    1   1.0792   0.5211 -2.106923    5.280613
 47.7500    0  20.6494  -5.4334 1.218611    0.036901
 47.7500    1   0.6479   1.0590 -4.525008    3.094062
 47.8750    0  20.8011  -5.4287 1.208212    0.039627
 47.8750    1   0.0098   1.2641 -5.375660    0.121520
 48.0000    0  20.9515  -5.4235 1.197947    0.042295
 48.0000    1  -0.6320   1.0906 -4.596300   -2.822719
 48.1250    0  21.1006  -5.4181 1.187811    0.044908
 48.1250    1  -1.0818   0.5883 -2.355264   -5.002071
 48.2500    0  21.2484  -5.4123 1.177803    0.047467
 48.2500    1  -1.1804  -0.1012 0.898909   -5.680749
 48.3750    0  21.3950  -5.4062 1.167918    0.049975
 48.3750    1  -0.8537  -0.7490 4.211795   -4.265862
 48.5000    0  21.5404  -5.3998 1.158152    0.052433
 48.5000    1  -0.1837  -1.0887 6.092850   -0.889842
 48.6250    0  21.6846  -5.3931 1.148504    0.054842
 48.6250    1   0.5647  -0.9497 5.363723    3.014994
 48.7500    0  21.8275  -5.3861 1.138969    0.057204
 48.7500    1   1.0677  -0.3932 2.401303    5.480993
 48.8750    0  21.9693  -5.3788 1.129546    0.059521
 48.8750    1   1.1412   0.3272 -1.184416    5.615956
 49.0000    0  22.1099  -5.3712 1.120230    0.061793
 49.0000    1   0.8041   0.9351 -3.974378    3.830647
 49.1250    0  22.2494  -5.3634 1.111019    0.064021
 49.1250    1   0.2058   1.2444 -5.295675    1.005060
 49.2500    0  22.3877  -5.3552 1.101911    0.066209
 49.2500    1  -0.4557   1.1786 -4.984114   -2.023914
 49.3750    0  22.5249  -5.3468 1.092904    0.068355
 49.3750    1  -0.9798   0.7597 -3.133388   -4.507453
 49.5000    0  22.6609  -5.3381 1.083994    0.070462
 49.5000    1  -1.1916   0.1023 -0.086096   -5.696320
 49.6250    0  22.7959  -5.3292 1.075179    0.072530
 49.6250    1  -0.9846  -0.5862 3.360825   -4.902109
 49.7500    0  22.9297  -5.3200 1.066457    0.074562
 49.7500    1  -0.3902  -1.0377 5.806947   -1.974892
 49.8750    0  23.0625  -5.3106 1.057827    0.076557
 49.8750    1   0.3705  -1.0375 5.839534    1.992624
 50.0000    0  23.1942  -5.3009 1.049285    0.078516
 50.0000    1   0.9689  -0.5783 3.365904    5.005646
 50.1250    0  23.3248  -5.2909 1.040829    0.080442
 50.1250    1   1.1692   0.1244 -0.201672    5.791462
 50.2500    0  23.4544  -5.2808 1.032458    0.082333
 50.2500    1   0.9381   0.7865 -3.303058    4.475958
 50.3750    0  23.5829  -5.2704 1.024170    0.084192
 50.3750    1   0.3963   1.1930 -5.076188    1.869188
 50.5000    0  23.7104  -5.2597 1.015963    0.086020
 50.5000    1  -0.2677   1.2368 -5.240449   -1.176994
 50.6250    0  23.8369  -5.2489 1.007834    0.087816
 50.6250    1  -0.8514   0.9113 -3.813761   -3.900647
 50.7500    0  23.9624  -5.2378 0.999783    0.089583
 50.7500    1  -1.1681   0.3037 -1.043615   -5.547317
 50.8750    0  24.0869  -5.2265 0.991807    0.091320
 50.8750    1  -1.0839  -0.4037 2.424652   -5.367350
 51.0000    0  24.2103  -5.2149 0.983906    0.093028
 51.0000    1  -0.5834  -0.9500 5.325709   -2.977864
 51.1250    0  24.3328  -5.2032 0.976076    0.094708
 51.1250    1   0.1632  -1.0879 6.113090    0.894116
 51.2500    0  24.4544  -5.1913 0.968317    0.096361
 51.2500    1   0.8378  -0.7432 4.238913    4.351929
 51.3750    0  24.5749  -5.1791 0.960628    0.097988
 51.3750    1   1.1616  -0.0813 0.813919    5.793955
 51.5000    0  24.6945  -5.1668 0.953006    0.099588
 51.5000    1   1.0459   0.6169 -2.524256    5.009669
 51.6250    0  24.8132  -5.1542 0.945450    0.101164
 51.6250    1   0.5762   1.1111 -4.720127    2.693180
 51.7500    0  24.9309  -5.1415 0.937960    0.102714
 51.7500    1  -0.0729   1.2638 -5.360336   -0.301733
 51.8750    0  25.0477  -5.1285 0.930533    0.104240
 51.8750    1  -0.7003   1.0395 -4.382643   -3.199571
 52.0000    0  25.1635  -5.1154 0.923168    0.105743
 52.0000    1  -1.1111   0.4971 -1.948425   -5.245015
 52.1250    0  25.2785  -5.1021 0.915864    0.107222
 52.1250    1  -1.1493  -0.2076 1.437610   -5.654209
 52.2500    0  25.3925  -5.0886 0.908620    0.108679
 52.2500    1  -0.7566  -0.8290 4.672521   -3.863361
 52.3750    0  25.5056  -5.0749 0.901435    0.110114
 52.3750    1  -0.0499  -1.0993 6.172148   -0.237550
 52.5000    0  25.6179  -5.0611 0.894307    0.111527
 52.5000    1   0.6783  -0.8822 4.984403    3.537359
 52.6250    0  25.7292  -5.0471 0.887235    0.112919
 52.6250    1   1.1179  -0.2837 1.831434    5.614864
 52.7500    0  25.8397  -5.0329 0.880219    0.114291
 52.7500    1   1.1240   0.4306 -1.654772    5.412762
 52.8750    0  25.9493  -5.0185 0.873256    0.115642
 52.8750    1   0.7409   1.0006 -4.233161    3.456381
 53.0000    0  26.0580  -5.0039 0.866347    0.116974
 53.0000    1   0.1238   1.2590 -5.341274    0.581747
 53.1250    0  26.1658  -4.9892 0.859489    0.118286
 53.1250    1  -0.5308   1.1410 -4.829163   -2.423175
 53.2500    0  26.2729  -4.9744 0.852683    0.119579
 53.2500    1  -1.0230   0.6775 -2.778544   -4.803771
 53.3750    0  26.3790  -4.9594 0.845927    0.120854
 53.3750    1  -1.1792  -0.0043 0.433014   -5.761994
 53.5000    0  26.4843  -4.9442 0.839219    0.122110
 53.5000    1  -0.9045  -0.6792 3.876952   -4.602907
 53.6250    0  26.5888  -4.9288 0.832560    0.123349
 53.6250    1  -0.2613  -1.0710 6.014637   -1.357603
 53.7500    0  26.6925  -4.9133 0.825949    0.124570
 53.7500    1   0.4954  -0.9901 5.569863    2.587708
 53.8750    0  26.7953  -4.8977 0.819383    0.125775
 53.8750    1   1.0388  -0.4762 2.817135    5.251328
 54.0000    0  26.8973  -4.8819 0.812863    0.126962
 54.0000    1   1.1697   0.2328 -0.715099    5.668195
 54.1250    0  26.9985  -4.8659 0.806388    0.128133
 54.1250    1   0.8856   0.8641 -3.623849    4.138469
 54.2500    0  27.0989  -4.8499 0.799957    0.129288
 54.2500    1   0.3172   1.2223 -5.183232    1.453149
 54.3750    0  27.1985  -4.8336 0.793569    0.130428
 54.3750    1  -0.3475   1.2135 -5.145215   -1.591109
 54.5000    0  27.2973  -4.8172 0.787223    0.131551
 54.5000    1  -0.9066   0.8399 -3.515330   -4.240274
 54.6250    0  27.3953  -4.8007 0.780919    0.132660
 54.6250    1  -1.1737   0.2000 -0.557981   -5.695817
 54.7500    0  27.4926  -4.7841 0.774656    0.133754
 54.7500    1  -1.0224  -0.5062 2.972627   -5.175811
 54.8750    0  27.5890  -4.7673 0.768433    0.134833
 54.8750    1  -0.4635  -1.0044 5.648750   -2.422230
 55.0000    0  27.6847  -4.7504 0.762249    0.135898
 55.0000    1   0.2953  -1.0627 5.968435    1.536281
 55.1250    0  27.7796  -4.7333 0.756104    0.136948
 55.1250    1   0.9261  -0.6525 3.735572    4.707211
 55.2500    0  27.8737  -4.7161 0.749997    0.137985
 55.2500    1   1.1810   0.0289 0.270595    5.761694
 55.3750    0  27.9671  -4.6988 0.743927    0.139009
 55.3750    1   1.0063   0.7050 -2.903793    4.719785
 55.5000    0  28.0597  -4.6814 0.737895    0.140019
 55.5000    1   0.5024   1.1547 -4.888684    2.292175
 55.6250    0  28.1515  -4.6638 0.731898    0.141016
 55.6250    1  -0.1550   1.2552 -5.325358   -0.723458
 55.7500    0  28.2426  -4.6461 0.725936    0.142000
 55.7500    1  -0.7654   0.9803 -4.143460   -3.572904
 55.8750    0  28.3330  -4.6283 0.720010    0.142971
 55.8750    1  -1.1334   0.3992 -1.507167   -5.465613
 56.0000    0  28.4227  -4.6104 0.714118    0.143931
 56.0000    1  -1.1072  -0.3158 1.995123   -5.569370
 56.1250    0  28.5116  -4.5923 0.708260    0.144877
 56.1250    1  -0.6496  -0.9021 5.092183   -3.391200
 56.2500    0  28.5997  -4.5742 0.702434    0.145812
 56.2500    1   0.0849  -1.0973 6.160969    0.422468
 56.3750    0  28.6872  -4.5559 0.696642    0.146736
 56.3750    1   0.7828  -0.8064 4.551069    3.993905
 56.5000    0  28.7739  -4.5375 0.690881    0.147647
 56.5000    1   1.1568  -0.1749 1.274667    5.682653
 56.6250    0  28.8599  -4.5190 0.685152    0.148547
 56.6250    1   1.0992   0.5273 -2.087787    5.181756
 56.7500    0  28.9452  -4.5004 0.679454    0.149437
 56.7500    1   0.6744   1.0577 -4.462666    3.078705
 56.8750    0  29.0297  -4.4816 0.673787    0.150315
 56.8750    1   0.0415   1.2652 -5.366728    0.159487
 57.0000    0  29.1136  -4.4628 0.668149    0.151182
 57.0000    1  -0.6037   1.0952 -4.650828   -2.821199
 57.1250    0  29.1968  -4.4438 0.662541    0.152038
 57.1250    1  -1.0604   0.5877 -2.389772   -5.085142
 57.2500    0  29.2793  -4.4248 0.656962    0.152885
 57.2500    1  -1.1567  -0.1146 0.980073   -5.778521
 57.3750    0  29.3610  -4.4056 0.651412    0.153720
 57.3750    1  -0.8134  -0.7678 4.370651   -4.230057
 57.5000    0  29.4421  -4.3863 0.645890    0.154546
 57.5000    1  -0.1284  -1.0925 6.137608   -0.710352
 57.6250    0  29.5225  -4.3670 0.640395    0.155362
 57.6250    1   0.6134  -0.9324 5.229558    3.130759
 57.7500    0  29.6022  -4.3475 0.634927    0.156168
 57.7500    1   1.0972  -0.3726 2.266432    5.425114
 57.8750    0  29.6812  -4.3279 0.629487    0.156964
 57.8750    1   1.1613   0.3356 -1.193921    5.507403
 58.0000    0  29.7596  -4.3083 0.624072    0.157750
 58.0000    1   0.8287   0.9337 -3.912859    3.793019
 58.1250    0  29.8373  -4.2885 0.618684    0.158528
 58.1250    1   0.2369   1.2433 -5.268976    1.037415
 58.2500    0  29.9143  -4.2686 0.613321    0.159296
 58.2500    1  -0.4259   1.1818 -5.028403   -2.005419
 58.3750    0  29.9906  -4.2487 0.607983    0.160055
 58.3750    1  -0.9571   0.7604 -3.184684   -4.571080
 58.5000    0  30.0662  -4.2286 0.602670    0.160805
 58.5000    1  -1.1702   0.0910 -0.038386   -5.805092
 58.6250    0  30.1413  -4.2085 0.597381    0.161546
 58.6250    1  -0.9495  -0.6067 3.515892   -4.911690
 58.7500    0  30.2156  -4.1882 0.592117    0.162278
 58.7500    1  -0.3371  -1.0483 5.898688   -1.817376
 58.8750    0  30.2893  -4.1679 0.586875    0.163002
 58.8750    1   0.4231  -1.0259 5.740664    2.144979
 59.0000    0  30.3623  -4.1475 0.581657    0.163717
 59.0000    1   1.0032  -0.5577 3.212893    4.988753
 59.1250    0  30.4347  -4.1270 0.576462    0.164425
 59.1250    1   1.1904   0.1352 -0.243623    5.681969
 59.2500    0  30.5064  -4.1064 0.571289    0.165123
 59.2500    1   0.9610   0.7855 -3.249691    4.416053
 59.3750    0  30.5775  -4.0857 0.566139    0.165814
 59.3750    1   0.4264   1.1900 -5.034224    1.890168
 59.5000    0  30.6480  -4.0649 0.561010    0.166497
 59.5000    1  -0.2367   1.2382 -5.270074   -1.146204
 59.6250    0  30.7178  -4.0441 0.555903    0.167172
 59.6250    1  -0.8271   0.9127 -3.874497   -3.942200
 59.7500    0  30.7869  -4.0231 0.550816    0.167839
 59.7500    1  -1.1479   0.2947 -1.028776   -5.656802
 59.8750    0  30.8555  -4.0021 0.545751    0.168498
 59.8750    1  -1.0538  -0.4245 2.563446   -5.417176
 60.0000    0  30.9234  -3.9810 0.540706    0.169150
 60.0000    1  -0.5339  -0.9665 5.454790   -2.855133
 60.1250    0  30.9907  -3.9598 0.535681    0.169795
 60.1250    1   0.2183  -1.0830 6.059844    1.070880
 60.2500    0  31.0573  -3.9385 0.530676    0.170432
 60.2500    1   0.8773  -0.7242 4.079825    4.379792
 60.3750    0  31.1233  -3.9172 0.525691    0.171062
 60.3750    1   1.1849  -0.0683 0.738420    5.693643
 60.5000    0  31.1887  -3.8958 0.520725    0.171684
 60.5000    1   1.0675   0.6171 -2.486436    4.929721
 60.6250    0  31.2535  -3.8743 0.515778    0.172300
 60.6250    1   0.6048   1.1066 -4.667062    2.697910
 60.7500    0  31.3177  -3.8527 0.510849    0.172909
 60.7500    1  -0.0413   1.2630 -5.372495   -0.264293
 60.8750    0  31.3812  -3.8311 0.505939    0.173510
 60.8750    1  -0.6742   1.0407 -4.445432   -3.218684
 61.0000    0  31.4442  -3.8093 0.501047    0.174105
 61.0000    1  -1.0912   0.4904 -1.963068   -5.346169
 61.1250    0  31.5065  -3.7875 0.496173    0.174694
 61.1250    1  -1.1234  -0.2276 1.550451   -5.735939
 61.2500    0  31.5682  -3.7657 0.491316    0.175275
 61.2500    1  -0.7119  -0.8501 4.825949   -3.784116
 61.3750    0  31.6293  -3.7437 0.486477    0.175850
 61.3750    1   0.0060  -1.1015 6.170347   -0.051560
 61.5000    0  31.6898  -3.7217 0.481654    0.176419
 61.5000    1   0.7228  -0.8661 4.833203    3.611695
 61.6250    0  31.7497  -3.6996 0.476849    0.176981
 61.6250    1   1.1442  -0.2690 1.724503    5.534381
 61.7500    0  31.8090  -3.6775 0.472059    0.177537
 61.7500    1   1.1449   0.4325 -1.639302    5.317311
 61.8750    0  31.8677  -3.6552 0.467287    0.178086
 61.8750    1   0.7677   0.9953 -4.174560    3.441311
 62.0000    0  31.9259  -3.6329 0.462530    0.178630
 62.0000    1   0.1554   1.2559 -5.334955    0.619698
 62.1250    0  31.9834  -3.6106 0.457789    0.179167
 62.1250    1  -0.5029   1.1415 -4.887166   -2.421558
 62.2500    0  32.0403  -3.5881 0.453063    0.179699
 62.2500    1  -1.0025   0.6727 -2.817130   -4.889424
 62.3750    0  32.0966  -3.5656 0.448353    0.180224
 62.3750    1  -1.1568  -0.0225 0.513667   -5.865319
 62.5000    0  32.1524  -3.5431 0.443657    0.180743
 62.5000    1  -0.8651  -0.7035 4.040100   -4.570989
 62.6250    0  32.2076  -3.5205 0.438977    0.181257
 62.6250    1  -0.2063  -1.0806 6.064743   -1.178771
 62.7500    0  32.2621  -3.4978 0.434311    0.181765
 62.7500    1   0.5444  -0.9784 5.440967    2.705511
 62.8750    0  32.3161  -3.4750 0.429659    0.182267
 62.8750    1   1.0691  -0.4607 2.684366    5.200796
 63.0000    0  32.3696  -3.4522 0.425022    0.182764
 63.0000    1   1.1906   0.2367 -0.727490    5.563962
 63.1250    0  32.4224  -3.4293 0.420398    0.183255
 63.1250    1   0.9105   0.8585 -3.566308    4.101755
 63.2500    0  32.4747  -3.4064 0.415788    0.183741
 63.2500    1   0.3482   1.2171 -5.159265    1.485466
 63.3750    0  32.5263  -3.3834 0.411192    0.184221
 63.3750    1  -0.3181   1.2126 -5.192635   -1.572239
 63.5000    0  32.5775  -3.3603 0.406609    0.184695
 63.5000    1  -0.8848   0.8365 -3.570911   -4.305505
 63.6250    0  32.6280  -3.3372 0.402039    0.185165
 63.6250    1  -1.1536   0.1841 -0.512122   -5.809717
 63.7500    0  32.6780  -3.3140 0.397482    0.185629
 63.7500    1  -0.9886  -0.5320 3.131021   -5.190155
 63.8750    0  32.7274  -3.2908 0.392937    0.186088
 63.8750    1  -0.4111  -1.0207 5.745769   -2.266140
 64.0000    0  32.7762  -3.2675 0.388405    0.186542
 64.0000    1   0.3479  -1.0568 5.874996    1.689726
 64.1250    0  32.8245  -3.2442 0.383885    0.186990
 64.1250    1   0.9609  -0.6372 3.585934    4.695034
 64.2500    0  32.8722  -3.2208 0.379378    0.187434
 64.2500    1   1.2028   0.0351 0.226835    5.657242
 64.3750    0  32.9193  -3.1973 0.374882    0.187873
 64.3750    1   1.0294   0.6999 -2.854468    4.661587
 64.5000    0  32.9659  -3.1738 0.370398    0.188306
 64.5000    1   0.5322   1.1476 -4.849680    2.313188
 64.6250    0  33.0119  -3.1502 0.365925    0.188735
 64.6250    1  -0.1246   1.2524 -5.357814   -0.692179
 64.7500    0  33.0574  -3.1266 0.361463    0.189159
 64.7500    1  -0.7421   0.9775 -4.208423   -3.615183
 64.8750    0  33.1023  -3.1030 0.357013    0.189578
 64.8750    1  -1.1147   0.3859 -1.495308   -5.579488
 65.0000    0  33.1466  -3.0792 0.352574    0.189992
 65.0000    1  -1.0786  -0.3417 2.136013   -5.624586
 65.1250    0  33.1904  -3.0555 0.348145    0.190402
 65.1250    1  -0.6013  -0.9242 5.226351   -3.270752
 65.2500    0  33.2337  -3.0316 0.343727    0.190806
 65.2500    1   0.1396  -1.0981 6.113154    0.599481
 65.3750    0  33.2764  -3.0078 0.339320    0.191207
 65.3750    1   0.8225  -0.7928 4.396366    4.025576
 65.5000    0  33.3185  -2.9838 0.334922    0.191602
 65.5000    1   1.1805  -0.1668 1.198660    5.587812
 65.6250    0  33.3601  -2.9599 0.330535    0.191993
 65.6250    1   1.1210   0.5232 -2.053830    5.104417
 65.7500    0  33.4011  -2.9358 0.326158    0.192380
 65.7500    1   0.7027   1.0491 -4.412849    3.083684
 65.8750    0  33.4416  -2.9118 0.321790    0.192762
 65.8750    1   0.0725   1.2603 -5.381520    0.197417
 66.0000    0  33.4816  -2.8876 0.317432    0.193140
 66.0000    1  -0.5786   1.0923 -4.717590   -2.840326
 66.1250    0  33.5210  -2.8635 0.313083    0.193513
 66.1250    1  -1.0420   0.5768 -2.408229   -5.189735
 66.2500    0  33.5598  -2.8393 0.308744    0.193882
 66.2500    1  -1.1327  -0.1394 1.093607   -5.865930
 66.3750    0  33.5982  -2.8150 0.304413    0.194247
 66.3750    1  -0.7701  -0.7944 4.528770   -4.154022
 66.5000    0  33.6359  -2.7907 0.300092    0.194607
 66.5000    1  -0.0732  -1.1005 6.141158   -0.524853
 66.6250    0  33.6732  -2.7663 0.295779    0.194963
 66.6250    1   0.6578  -0.9219 5.083439    3.207839
 66.7500    0  33.7099  -2.7420 0.291475    0.195315
 66.7500    1   1.1238  -0.3629 2.160412    5.350170
 66.8750    0  33.7461  -2.7175 0.287179    0.195662
 66.8750    1   1.1823   0.3331 -1.181845    5.415489
 67.0000    0  33.7817  -2.6930 0.282892    0.196006
 67.0000    1   0.8552   0.9242 -3.857789    3.778590
 67.1250    0  33.8168  -2.6685 0.278613    0.196345
 67.1250    1   0.2679   1.2361 -5.265220    1.075804
 67.2500    0  33.8513  -2.6440 0.274341    0.196681
 67.2500    1  -0.3990   1.1782 -5.090012   -2.003307
 67.3750    0  33.8854  -2.6193 0.270078    0.197012
 67.3750    1  -0.9382   0.7515 -3.227589   -4.659118
 67.5000    0  33.9189  -2.5947 0.265822    0.197339
 67.5000    1  -1.1497   0.0682 0.041520   -5.913996
 67.6250    0  33.9518  -2.5700 0.261574    0.197662
 67.6250    1  -0.9118  -0.6362 3.683063   -4.883901
 67.7500    0  33.9843  -2.5453 0.257334    0.197982
 67.7500    1  -0.2833  -1.0635 5.954029   -1.639732
 67.8750    0  34.0162  -2.5205 0.253100    0.198297
 67.8750    1   0.4717  -1.0198 5.617223    2.264432
 68.0000    0  34.0475  -2.4957 0.248874    0.198609
 68.0000    1   1.0336  -0.5473 3.082443    4.943438
 68.1250    0  34.0784  -2.4709 0.244654    0.198916
 68.1250    1   1.2113   0.1347 -0.258629    5.582122
 68.2500    0  34.1087  -2.4460 0.240442    0.199220
 68.2500    1   0.9856   0.7758 -3.195880    4.380557
 68.3750    0  34.1385  -2.4211 0.236236    0.199520
 68.3750    1   0.4566   1.1807 -5.012884    1.922887
 68.5000    0  34.1678  -2.3961 0.232037    0.199816
 68.5000    1  -0.2084   1.2333 -5.320701   -1.126531
 68.6250    0  34.1965  -2.3711 0.227844    0.200108
 68.6250    1  -0.8069   0.9052 -3.934582   -4.008775
 68.7500    0  34.2247  -2.3461 0.223657    0.200397
 68.7500    1  -1.1299   0.2744 -0.985009   -5.775803
 68.8750    0  34.2524  -2.3210 0.219477    0.200682
 68.8750    1  -1.0219  -0.4554 2.724900   -5.436454
 69.0000    0  34.2796  -2.2959 0.215303    0.200963
 69.0000    1  -0.4830  -0.9883 5.556887   -2.700950
 69.1250    0  34.3062  -2.2708 0.211134    0.201241
 69.1250    1   0.2701  -1.0827 5.971962    1.224952
 69.2500    0  34.3324  -2.2456 0.206972    0.201515
 69.2500    1   0.9119  -0.7142 3.933767    4.372148
 69.3750    0  34.3580  -2.2204 0.202815    0.201785
 69.3750    1   1.2066  -0.0668 0.693108    5.594239
 69.5000    0  34.3831  -2.1952 0.198663    0.202052
 69.5000    1   1.0902   0.6077 -2.440878    4.873475
 69.6250    0  34.4076  -2.1699 0.194517    0.202315
 69.6250    1   0.6339   1.0954 -4.630861    2.719373
 69.7500    0  34.4317  -2.1446 0.190376    0.202574
 69.7500    1  -0.0120   1.2563 -5.407804   -0.232079
 69.8750    0  34.4552  -2.1192 0.186240    0.202830
 69.8750    1  -0.6525   1.0341 -4.514807   -3.261373
 70.0000    0  34.4783  -2.0939 0.182109    0.203083
 70.0000    1  -1.0747   0.4729 -1.954428   -5.464352
 70.1250    0  34.5008  -2.0685 0.177983    0.203332
 70.1250    1  -1.0970  -0.2584 1.693177   -5.796658
 70.2500    0  34.5228  -2.0430 0.173862    0.203577
 70.2500    1  -0.6653  -0.8776 4.964940   -3.666358
 70.3750    0  34.5442  -2.0176 0.169746    0.203819
 70.3750    1   0.0596  -1.1079 6.128008    0.125188
 70.5000    0  34.5652  -1.9921 0.165634    0.204058
 70.5000    1   0.7620  -0.8579 4.683084    3.646933
 70.6250    0  34.5856  -1.9666 0.161526    0.204293
 70.6250    1   1.1678  -0.2656 1.648226    5.444965
 70.7500    0  34.6056  -1.9410 0.157422    0.204525
 70.7500    1   1.1662   0.4242 -1.608919    5.242763
 70.8750    0  34.6250  -1.9154 0.153323    0.204753
 70.8750    1   0.7951   0.9826 -4.127786    3.446922
 71.0000    0  34.6439  -1.8898 0.149228    0.204978
 71.0000    1   0.1851   1.2471 -5.352342    0.658567
 71.1250    0  34.6623  -1.8642 0.145136    0.205200
 71.1250    1  -0.4795   1.1348 -4.958042   -2.440338
 71.2500    0  34.6802  -1.8385 0.141049    0.205418
 71.2500    1  -0.9863   0.6577 -2.839635   -4.997312
 71.3750    0  34.6976  -1.8128 0.136965    0.205633
 71.3750    1  -1.1352  -0.0520 0.627646   -5.958465
 71.5000    0  34.7144  -1.7871 0.132884    0.205844
 71.5000    1  -0.8240  -0.7353 4.202611   -4.498482
 71.6250    0  34.7308  -1.7614 0.128807    0.206053
 71.6250    1  -0.1526  -1.0941 6.073591   -0.994301
 71.7500    0  34.7466  -1.7356 0.124734    0.206258
 71.7500    1   0.5881  -0.9733 5.300107    2.785028
 71.8750    0  34.7620  -1.7098 0.120663    0.206460
 71.8750    1   1.0953  -0.4559 2.579477    5.131294
 72.0000    0  34.7768  -1.6840 0.116596    0.206658
 72.0000    1   1.2111   0.2300 -0.718513    5.475700
 72.1250    0  34.7911  -1.6581 0.112531    0.206853
 72.1250    1   0.9360   0.8450 -3.514520    4.088309
 72.2500    0  34.8049  -1.6323 0.108470    0.207045
 72.2500    1   0.3778   1.2060 -5.157978    1.524738
 72.3750    0  34.8182  -1.6064 0.104411    0.207234
 72.3750    1  -0.2929   1.2052 -5.257938   -1.569232
 72.5000    0  34.8310  -1.5805 0.100355    0.207420
 72.5000    1  -0.8681   0.8237 -3.618354   -4.395724
 72.6250    0  34.8433  -1.5545 0.096301    0.207602
 72.6250    1  -1.1358   0.1569 -0.433206   -5.924210
 72.7500    0  34.8551  -1.5286 0.092249    0.207781
 72.7500    1  -0.9534  -0.5665 3.301907   -5.166730
 72.8750    0  34.8664  -1.5026 0.088200    0.207957
 72.8750    1  -0.3591  -1.0413 5.806192   -2.090210
 73.0000    0  34.8772  -1.4766 0.084153    0.208130
 73.0000    1   0.3953  -1.0562 5.757152    1.810449
 73.1250    0  34.8874  -1.4505 0.080108    0.208300
 73.1250    1   0.9907  -0.6319 3.458003    4.654792
 73.2500    0  34.8972  -1.4245 0.076065    0.208467
 73.2500    1   1.2231   0.0302 0.209499    5.561832
 73.3750    0  34.9064  -1.3984 0.072024    0.208630
 73.3750    1   1.0530   0.6861 -2.804105    4.627597
 73.5000    0  34.9152  -1.3723 0.067985    0.208790
 73.5000    1   0.5611   1.1343 -4.830818    2.346739
 73.6250    0  34.9234  -1.3462 0.063947    0.208947
 73.6250    1  -0.0980   1.2438 -5.411682   -0.671276
 73.7500    0  34.9312  -1.3201 0.059911    0.209101
 73.7500    1  -0.7242   0.9664 -4.273203   -3.682837
 73.8750    0  34.9384  -1.2940 0.055876    0.209252
 73.8750    1  -1.0995   0.3614 -1.453870   -5.703551
 74.0000    0  34.9452  -1.2678 0.051842    0.209400
 74.0000    1  -1.0495  -0.3775 2.300226   -5.648956
 74.1250    0  34.9514  -1.2416 0.047810    0.209545
 74.1250    1  -0.5525  -0.9513 5.333283   -3.118953
 74.2500    0  34.9571  -1.2154 0.043778    0.209687
 74.2500    1   0.1898  -1.1032 6.030916    0.753734
 74.3750    0  34.9623  -1.1892 0.039748    0.209825
 74.3750    1   0.8563  -0.7880 4.254072    4.022275
 74.5000    0  34.9670  -1.1629 0.035718    0.209961
 74.5000    1   1.2016  -0.1697 1.152062    5.493448
 74.6250    0  34.9713  -1.1367 0.031689    0.210093
 74.6250    1   1.1427   0.5098 -2.011735    5.050352
 74.7500    0  34.9750  -1.1104 0.027661    0.210223
 74.7500    1   0.7303   1.0340 -4.379250    3.106000
 74.8750    0  34.9782  -1.0841 0.023633    0.210349
 74.8750    1   0.1000   1.2498 -5.419656    0.231006
 75.0000    0  34.9809  -1.0578 0.019606    0.210472
 75.0000    1  -0.5591   1.0820 -4.791529   -2.883107
 75.1250    0  34.9831  -1.0315 0.015578    0.210593
 75.1250    1  -1.0282   0.5553 -2.403040   -5.312133
 75.2500    0  34.9848  -1.0052 0.011552    0.210710
 75.2500    1  -1.1092  -0.1748 1.237888   -5.932246
 75.3750    0  34.9860  -0.9788 0.007525    0.210824
 75.3750    1  -0.7260  -0.8270 4.672276   -4.039353
 75.5000    0  34.9866  -0.9525 0.003498    0.210935
 75.5000    1  -0.0216  -1.1122 6.104302   -0.348869
 75.6250    0  34.9868  -0.9261 -0.000529    0.211043
 75.6250    1   0.6959  -0.9189 4.938069    3.246403
 75.7500    0  34.9865  -0.8997 -0.004557    0.211148
 75.7500    1   1.1465  -0.3641 2.084107    5.266114
 75.8750    0  34.9857  -0.8733 -0.008584    0.211251
 75.8750    1   1.2025   0.3207 -1.154719    5.343896
 76.0000    0  34.9844  -0.8469 -0.012612    0.211350
 76.0000    1   0.8811   0.9076 -3.813811    3.785201
 76.1250    0  34.9825  -0.8205 -0.016641    0.211446
 76.1250    1   0.2958   1.2235 -5.285118    1.116056
 76.2500    0  34.9802  -0.7940 -0.020671    0.211539
 76.2500    1  -0.3778   1.1680 -5.165106   -2.021375
 76.3750    0  34.9774  -0.7676 -0.024701    0.211629
 76.3750    1  -0.9248   0.7329 -3.254360   -4.770152
 76.5000    0  34.9740  -0.7411 -0.028732    0.211715
 76.5000    1  -1.1312   0.0344 0.155680   -6.012922
 76.6250    0  34.9702  -0.7147 -0.032764    0.211799
 76.6250    1  -0.8735  -0.6730 3.849624   -4.815233
 76.7500    0  34.9658  -0.6882 -0.036797    0.211880
 76.7500    1  -0.2318  -1.0822 5.968084   -1.456816
 76.8750    0  34.9610  -0.6617 -0.040832    0.211958
 76.8750    1   0.5138  -1.0200 5.481765    2.346083
 77.0000    0  34.9556  -0.6352 -0.044868    0.212033
 77.0000    1   1.0588  -0.5473 2.978898    4.879269
 77.1250    0  34.9498  -0.6087 -0.048905    0.212105
 77.1250    1   1.2306   0.1238 -0.252438    5.497610
 77.2500    0  34.9434  -0.5822 -0.052944    0.212174
 77.2500    1   1.0095   0.7584 -3.147090    4.368414
 77.3750    0  34.9365  -0.5556 -0.056985    0.212240
 77.3750    1   0.4843   1.1659 -5.013925    1.963475
 77.5000    0  34.9292  -0.5291 -0.061027    0.212302
 77.5000    1  -0.1855   1.2224 -5.389750   -1.122230
 77.6250    0  34.9213  -0.5026 -0.065071    0.212362
 77.6250    1  -0.7931   0.8890 -3.986760   -4.100966
 77.7500    0  34.9129  -0.4760 -0.069118    0.212419
 77.7500    1  -1.1153   0.2432 -0.907330   -5.895879
 77.8750    0  34.9040  -0.4495 -0.073166    0.212472
 77.8750    1  -0.9898  -0.4947 2.899152   -5.417613
 78.0000    0  34.8946  -0.4229 -0.077217    0.212523
 78.0000    1  -0.4335  -1.0140 5.622200   -2.527245
 78.1250    0  34.8847  -0.3963 -0.081270    0.212571
 78.1250    1   0.3156  -1.0873 5.859820    1.346579
